<svg width="150" height="150" viewBox="0 0 150 150" fill="none" xmlns="http://www.w3.org/2000/svg">
<g clip-path="url(#clip0_329_43)">
<path d="M150.002 73.9437C150.002 33.1057 116.424 0 75.0023 0C33.581 0 0.00231934 33.1057 0.00231934 73.9437V76.0563C0.00231934 116.894 33.581 150 75.0023 150C116.424 150 150.002 116.894 150.002 76.0563V73.9437Z" fill="#5083FC"/>
<path d="M16.6135 83.3915C16.8878 83.2458 17.0828 83.1322 17.2821 83.0315C22.1564 80.6188 27.1845 78.53 32.3335 76.7786C39.87 74.1493 47.5585 72.045 55.3092 70.1679C62.1985 68.4943 69.1328 67.0436 76.125 65.8822C80.7578 65.1129 85.4057 64.4358 90.0535 63.8036C94.4785 63.1929 98.91 62.7065 103.339 62.1879C107.038 61.7593 110.738 61.3472 114.439 60.9515C115.021 60.9208 115.604 60.9208 116.186 60.9515C116.061 61.2579 115.783 61.2729 115.575 61.3672C113.507 62.2843 111.429 63.18 109.361 64.0993C98.3292 69.0215 87.4842 74.3315 76.9371 80.2522C70.1271 84.0879 63.5571 88.305 57.1564 92.7729C56.2564 93.4029 55.3242 93.9943 54.4328 94.635C54.1671 94.8435 53.8517 94.979 53.5176 95.0282C53.1835 95.0775 52.8423 95.0387 52.5278 94.9158C50.0207 94.08 47.4964 93.2915 44.9785 92.4729C44.7835 92.4086 44.5885 92.3358 44.2692 92.2222C52.8279 86.312 61.7995 81.0234 71.115 76.3972C70.9007 76.47 70.6864 76.5386 70.4721 76.6115C64.4002 78.9795 58.4506 81.65 52.6457 84.6129C48.8464 86.5222 45.0728 88.485 41.3035 90.4522C40.9738 90.6379 40.6079 90.7505 40.2307 90.7823C39.8536 90.8141 39.474 90.7644 39.1178 90.6365C36.3321 89.7193 33.5207 88.8386 30.72 87.9408C30.525 87.8786 30.3321 87.7993 30.1092 87.7265C37.2861 84.0571 44.6659 80.799 52.2128 77.9679C59.7128 75.0879 67.3564 72.5958 75.0728 70.3029C74.4621 70.4122 73.8214 70.5172 73.1978 70.6393C68.0942 71.6751 63.0607 73.0306 58.1271 74.6979C48.6476 77.8251 39.3477 81.4728 30.27 85.6243L28.3585 86.4815C27.7578 86.7647 27.0711 86.8061 26.4407 86.5972L16.8321 83.5265C16.758 83.4858 16.6865 83.4407 16.6178 83.3915H16.6135Z" fill="white"/>
<path d="M51.2678 37.74C51.5743 37.7592 51.7928 37.7592 52.0093 37.7892L63.2378 39.5035L72.8357 40.95C74.0293 41.13 75.2207 41.3185 76.4143 41.4835C76.9206 41.5566 77.4307 41.6003 77.9421 41.6142C78.7992 41.6335 79.68 41.58 80.5435 41.6142C82.639 41.61 84.7292 41.4055 86.7857 41.0035C87.9835 40.8385 89.1728 40.65 90.3642 40.4721C90.9774 40.3834 91.6028 40.4907 92.1514 40.7785C94.8364 42.1285 97.5085 43.4871 100.206 44.8242C100.495 44.9604 100.741 45.1714 100.92 45.4352C101.099 45.6991 101.204 46.0061 101.224 46.3242C101.44 48.0257 101.663 49.7242 101.893 51.42L103.114 60.4778C103.155 60.7671 103.172 61.0607 103.206 61.4185L85.2878 63.6257C84.8592 60.8078 84.525 57.9835 84.1393 55.1635C83.7535 52.3435 83.3871 49.5471 83.0164 46.7635C81.0331 46.5987 79.04 46.5873 77.055 46.7292C76.1978 52.92 75.3407 59.1321 74.4835 65.31L55.6564 69.2292C55.6468 69.0865 55.6468 68.9434 55.6564 68.8007C56.1778 65.0278 56.7028 61.2564 57.2314 57.4864C57.72 53.9235 58.2057 50.3607 58.6885 46.7978C58.8407 45.6685 58.995 44.535 59.1707 43.4078C59.2348 43.1671 59.2104 42.9114 59.1018 42.6872C58.9933 42.4631 58.8078 42.2853 58.5793 42.1864C56.3657 40.9435 54.1757 39.6578 51.9814 38.385C51.8255 38.3278 51.6824 38.2405 51.5604 38.128C51.4383 38.0155 51.3396 37.88 51.27 37.7292L51.2678 37.74Z" fill="white"/>
<path d="M86.9421 75.6878C92.5135 72.7799 98.1878 70.0328 104.004 67.3628C104.106 68.0764 104.218 68.7128 104.31 69.3514L105.531 78.5957C105.975 81.9085 106.408 85.2214 106.856 88.5342C107.209 91.1549 107.58 93.7714 107.927 96.3921C108.234 98.7621 108.557 101.132 108.87 103.5C109.044 104.799 109.224 106.099 109.386 107.4C109.468 108.077 109.401 108.169 108.726 108.27C106.894 108.542 105.084 108.801 103.264 109.069L93.2207 110.544C92.8842 110.593 92.5521 110.651 92.2157 110.689C91.7078 110.749 91.605 110.689 91.5428 110.192C91.3271 108.731 91.1235 107.265 90.9321 105.795C90.5678 103.136 90.2107 100.475 89.8607 97.8107L88.7742 89.6999L87.5528 80.6421L86.9421 75.9878C86.9356 75.8872 86.9356 75.7863 86.9421 75.6857V75.6878Z" fill="white"/>
<path d="M49.6414 113.019C49.6153 112.612 49.6153 112.204 49.6414 111.797C50.07 108.656 50.52 105.516 50.9636 102.369C51.1586 100.963 51.3728 99.5614 51.5378 98.1578C51.5549 97.8988 51.6344 97.6478 51.7694 97.4262C51.9045 97.2045 52.0912 97.0189 52.3136 96.885C57.5836 93.3821 62.845 89.8671 68.0978 86.34C69.12 85.6628 70.1893 85.0543 71.2371 84.4114C71.3786 84.3257 71.5436 84.2593 71.7921 84.1243C71.7686 84.4778 71.7643 84.735 71.7279 84.9943L70.5064 93.9171C70.2464 95.7743 69.99 97.6378 69.7371 99.5078C69.6938 99.7909 69.5859 100.06 69.4216 100.295C69.2573 100.529 69.0412 100.723 68.79 100.86C67.29 101.807 65.79 102.765 64.29 103.721L50.6314 112.44C50.34 112.624 50.0293 112.789 49.6414 113.019Z" fill="white"/>
</g>
<defs>
<clipPath id="clip0_329_43">
<rect width="150" height="150" fill="white"/>
</clipPath>
</defs>
</svg>
