<svg version="1.0" xmlns="http://www.w3.org/2000/svg"
 width="847.000000pt" height="906.000000pt" viewBox="0 0 847.000000 906.000000"
 preserveAspectRatio="xMidYMid meet">

<g transform="translate(0.000000,906.000000) scale(0.100000,-0.100000)"
fill="#000000" stroke="none">
<path d="M4605 9051 c11 -4 61 -18 110 -29 120 -29 290 -113 413 -206 469
-354 785 -1011 892 -1856 58 -459 49 -1097 -21 -1585 -104 -726 -354 -1384
-707 -1862 -35 -47 -61 -88 -57 -91 3 -3 152 -32 331 -63 180 -32 328 -60 330
-62 3 -2 -40 -46 -93 -98 -485 -465 -1135 -818 -1915 -1038 -649 -184 -1475
-279 -1878 -217 -149 23 -293 57 -405 96 -187 66 -491 230 -662 359 -240 181
-612 583 -817 884 -25 38 -46 62 -46 55 0 -7 16 -92 35 -188 148 -733 433
-1352 879 -1905 156 -193 436 -465 626 -608 l76 -56 1364 -241 1365 -241 80
17 c125 26 440 119 589 173 729 268 1398 694 1936 1231 347 346 593 683 804
1100 765 1510 840 3033 211 4265 -251 491 -553 861 -1030 1259 -621 520 -1326
830 -2035 895 -155 14 -398 22 -375 12z"/>
<path d="M3826 8954 c-194 -30 -496 -121 -753 -225 -192 -78 -488 -230 -680
-349 l-153 -94 0 -303 0 -304 -106 -117 c-361 -398 -649 -859 -849 -1355 l-55
-139 0 -1160 0 -1161 56 -141 c130 -329 320 -659 523 -911 77 -95 161 -190
161 -181 0 3 -25 44 -57 92 -118 181 -246 469 -312 699 -40 140 -76 315 -97
480 -21 159 -24 577 -6 740 41 357 121 680 249 1005 385 973 1110 1683 1937
1895 209 54 333 69 561 69 406 0 768 -92 1167 -296 66 -33 121 -58 123 -56 7
7 -23 182 -61 353 -47 210 -110 400 -189 562 -73 152 -90 178 -228 351 -181
229 -314 344 -502 437 -228 113 -470 150 -729 109z"/>
</g>
</svg>
