<svg version="1.0" xmlns="http://www.w3.org/2000/svg"
 width="40.000000pt" height="40.000000pt" viewBox="0 0 40.000000 40.000000"
 preserveAspectRatio="xMidYMid meet">

<g transform="translate(0.000000,40.000000) scale(0.100000,-0.100000)"
fill="#000000" stroke="none">
<path d="M2355 4190 c-403 -33 -787 -218 -1076 -516 -174 -180 -302 -390 -383
-626 -250 -731 30 -1543 679 -1968 105 -69 277 -151 395 -189 176 -57 268 -72
480 -78 171 -5 211 -2 325 17 702 119 1246 645 1387 1343 20 96 23 143 23 327
0 183 -3 231 -22 325 -50 243 -144 461 -292 670 -78 111 -277 308 -389 386
-337 234 -730 342 -1127 309z m236 -953 l101 -202 -353 -708 -352 -707 -183 0
c-123 0 -184 4 -184 11 0 9 154 338 645 1374 76 160 153 323 172 363 18 39 38
72 43 72 6 0 56 -91 111 -203z m381 -754 c55 -115 124 -257 153 -318 29 -60
98 -202 154 -315 56 -112 101 -210 101 -217 0 -10 -45 -13 -199 -13 l-199 0
-22 53 c-12 28 -42 98 -67 155 l-46 102 -156 1 c-86 1 -161 1 -168 0 -6 -1
-14 3 -17 8 -3 5 64 155 150 332 86 178 165 345 176 372 11 26 25 47 30 47 5
0 54 -93 110 -207z"/>
</g>
</svg>
